91218423
96042434
94016105
94420619
86654700
81703131
85096982
99662822
99883472
81203366
85051538
87072288
91465272
85483664
96054209
85229543
89428867
92546308
87759672
86971680
99843646
88157933
86121000
85023637
85111633
96086121
87400187
87868537
85657680
85729947
87489031
87878558
85648992
85721507
87019269
88727324
99977759
99983685
86123458
85261614
95494268
88883849
89166192
85645626
88209994
88541455
94166669
85330092
89473839
89553428
86124089
88154550
88845649
91694345
81880099
85857316
91738729
93046915
84194742
87762429
99351077
86187151
88213767
87981675
87484908
86284213
87491558
85184496
32451711
89264266
88868442
88228978
96113002
85629767
92199783
88475228
88532427
89191996
88931549
99826539
88336518
87999987
96611285
88554221
99083322
88015725
89122485
91280879
91508900
99904780
86937025
88655432
99620934
99692515
89197037
86628247
95651059
87891752
86967834
87734577
96795853
87651306
88444296
89524442
88187688
89001328
91058813
99339701
86370604
99040686
97872837
85971893
75030530
87997880
87945495
86695066
85430092
99538977
92880406
88420165
92134011
86442957
88997938
85335053
85652264
96629062
85500244
86050494
86109993
91091746
63600049
88128196
89233334
86329801
99818330
86724684
91394451
96048806
88034750
86150120
88540798
82066613
86517536
99217890
84051215
99211506
88723571
97569083
33654719
99858779
82055027
99440920
88344734
88371031
87874578
84121570
62232843
86249442
89045890
99445295
99282027
87668218
99946312
88730307
98450785
99948931
81025040
91175675
81211981
89162459
87939910
87219017
88497622
88387572
86779298
91261856
75593129
86704183
85015979
88983663
91529516
84400011
86444593
99368032
71586712
89549623
54565634
81381978
99819130
88226822
88206657
87433458
86337040
81219968
87212903
99868988
84154868
99288844
81367517
88785213
88345343
99898410
85658538
87662767
87360949
87536131
99671640
99282923
85363932
85356557
94558992
87329568
85238503
86053372
88922347
85528641
89242483
85026423
84680566
89952349
87902140
85139063
85237898
88749547
81475804
96294205
87039145
88975930
97630460
88276311
85520815
88632585
10131573
88176530
75055061
85004484
81285751
89682336
86491160
87684982
86623582
88451855
88169507
99960909
88477727
88593349
91838371
99894908
96235042
85559452
99887129
85334588
85882429
88842418
85770036
99617044
88877484
87816841
89544917
99299989
87751572
88459046
88789998
99411856
88798750
91219593
88127408
99812746
86472249
97206707
87448074
87292061
88444127
81181426
81153771
87911056
87564375
88998888
96170062
85803871
88156134
87580920
86754000
99764887
86686877
87701143
99834303
88392968
99823820
99659340
87605670
89161314
85714315
88251784
84041677
96999101
81246646
89950117
86166152
81299358
85258160
37500861
99521423
86530112
86028809
87029304
73719873
88625129
81240706
86472635
96317358
86124993
88620217
88175419
92433533
86908512
87752992
88943869
91438261
88849725
88705458
85853112
88819223
94438255
86176580
99618294
81195072
81125420
86208314
88273321
89426385
88653729
86431010
84027598
99229737
91648096
87196112
86705463
98709292
99894986
86949669
61688489
99869886
92289888
86873622
99960028
96282498
85890152
88215729
83974570
88250991
85558372
96130494
84236278
85231139
88466501
99643226
81424944
99079996
99585590
97643467
85513444
88999531
87048532
87584720
88054541
86798068
87925729
82053331
99856019
81993177
86986899
99482616
98073351
76800529
87780933
86141427
86182669
88971606
99895555
88073829
86997658
85211945
64592794
85216596
85610972
86791671
86587842
85541640
87427439
84848744
86135573
86211590
88013612
85060536
85061700
89166255
88178241
88475165
86194830
86481425
85471452
99618429
87070451
91838611
88470022
88929678
87150197
97355498
86028550
89713099
98522127
81291518
84153332
85566610
91556499
60347252
85217411
89294816
86311964
87876671
99339764
96759432
88961639
99876033
81566618
88033608
88086054
88472711
87085385
85947020
99626060
87880702
87825211
88634006
86216488
87785580
88637014
88260146
88817453
10116816
99726883
99748639
88941790
87089818
84033069
86395359
99910103
91538213
85563367
87302933
87009242
85187204
84564415
89829004
92832391
87370584
87557866
85184280
86595688
96778544
82118731
98196514
89247877
88207244
87666021
98045925
99927383
99354535
88110753
87849277
87844944
88092935
85536872
88214046
99430962
91714125
85023078
97639673
94314718
88771336
89671624
73719810
88865913
95127287
85418883
88668612
86805001
89557047
87343821
86546017
88669017
87025363
88368930
87831882
88009968
86026918
88110371
81428632
85092014
89271423
88753246
88059876
85641721
85164676
88897199
88378846
87955702
89907126
96310916
81485672
84068895
85888841
96419422
96011551
99959991
87115254
88288862
96750358
81484877
84457442
85083795
86932851
85493373
86443070
69492700
88113102
99826656
86072724
88327921
88481581
84075092
85930138
85712780
87620463
86233632
88654941
81308138
88448505
86816943
86979266
88263673
85229574
91525025
87555266
87359249
85652122
87744571
89405616
88586278
86678875
89939897
88586112
87581098
86125769
87376271
86072165
99827602
88988919
85783399
88313123
89358573
99821664
99012575
91058095
87735981
86176763
88121000
91637205
85469262
99906347
99532087
84073283
99085362
85475007
84171018
99997518
86238596
89493058
88356263
88503857
88992978
88657296
97297582
81830678
99286434
99964402
87756294
86984042
88548041
99828480
88618685
87805146
92705366
96465099
89393204
60811160
81342698
84245502
87626015
86019129
89904603
99959491
87485043
86421070
87539788
88772669
86106792
85726724
99835578
85424893
85243083
86251954
89335653
87297026
81953208
87604138
99974433
81795804
87692589
99014540
87952353
87370116
85142974
88592377
99281741
89172045
87710539
87864865
88755018
85587515
86087866
86682594
86217915
85964117
87253486
99962697
91122522
86689270
87898810
99864750
99966422
85512590
86501326
86320619
86295044
87091447
86223076
81699496
87065701
98119742
88836447
84116698
81057749
87967552
85276157
89641245
81601894
87226579
88700515
99815895
93479934
98073687
87474494
92165228
87541192
87106142
88107637
88972820
88097630
81088298
91131982
99964859
84351292
88219169
99810600
88683003
88338265
99550459
96352719
96035871
85375669
91034398
96293598
99746437
88605288
87409946
85571514
89322372
86954370
92301161
84337974
91540134
81478489
92406574
89149242
84108729
87962031
88619287
88366700
91443916
99557858
95898418
81112616
84115143
88524030
86795822
87401858
96154683
10130153
88821284
85381770
92521032
86059334
88819286
88511159
81703808
99826644
86478045
92234833
86115552
91449426
85893599
86238448
85914300
86320106
99743726
87129178
62819073
99864840
85478229
99788533
99772887
86254990
88737778
85885667
99306442
85326550
86678959
72965176
87298266
99906884
86620180
84028890
63714659
84099403
87062182
99866987
87294821
89331035
86593534
89020558
88603290
86658446
87191024
89394450
79569619
87658761
99779562
85539557
86358137
89467121
80515172
88193274
82653433
86238108
84092413
86698379
88460908
85231149
89834777
85246897
89394364
86684521
88475631
10109829
85163749
86493160
84316795
87564248
92468637
88385402
82053108
99890260
99853414
86491572
88328853
87178688
86934683
85601875
85048166
86433648
88850551
88909246
86398238
84254479
87700515
99818398
89350113
91802374
88007857
96125795
99956626
89309380
89102129
87341399
99737387
99695346
91241277
84014282
85541477
88261021
86817907
81358473
84080929
87238613
10009680
85502363
87293810
85095982
88223018
88703616
88453503
94334868
87061118
85841191
86190712
86693095
85546374
99885544
88223182
87124548
85405211
88847981
88325214
86923250
88246593
87902810
99330316
86185754
97025874
88498823
60824010
85663014
81524744
85682097
66955220
85358952
88157027
92184788
85502787
87078646
86851472
85539893
99561463
99849174
87270528
99419532
84112488
86691090
86397816
87859743
85470091
88282228
86821731
87893240
91334023
89577196
64690980
85600813
99914057
99333760
87097009
82240940
87857493
91119352
10023364
91506233
71561270
85351626
96047777
86345348
99735680
88008868
98047211
87909781
91229902
87012151
99955331
86983649
86876686
85373553
87311465
96288717
86230048
89570883
89241714
85032788
97410955
99880879
98333636
96469774
88211525
86599166
99014570
85298695
85544399
88952733
87410686
85761828
89635680
85948212
87071040
85087311
85514247
91918892
99875118
87323828
97013429
88060233
89460979
87997399
86254311
85014465
86307915
88131766
85116891
99872374
97452208
89584429
88167805
84341778
85844505
89356699
99221510
87176690
86952722
86430462
85937879
96215700
85523204
88090971
88543828
98062430
96469240
88038052
99465255
99442366
92469430
86853716
86206826
86162735
85280498
99059947
99034885
87019119
89311962
88033745
86605131
99890706
86314151
86172891
88021784
86034833
85169112
85314869
88328416
89700027
88285804
88726418
98060960
86212560
88788071
86421546
85007260
86713633
86034158
86071508
88111051
91125188
87018925
89690789
98008616
81607779
99976665
87076042
81657180
99732676
86444039
87319368
86935896
99698525
89665533
81527969
85856935
87008242
64503773
92823977
86994405
85769560
81412212
87935300
87702108
99681353
88656251
88840202
84089864
85669608
81057025
89636380
85557659
88418674
81871856
86821911
99900939
88232329
96177092
86810311
99302939
88439391
85707362
81693696
91851731
84135356
88472844
91973657
89676823
86132645
88711357
87679439
87876293
74283819
85063944
88615784
86466708
85225232
60011173
99417313
85935072
81120414
88364003
88084638
98287851
85319867
88683023
96562955
85108841
89557598
87124646
85595129
99925770
88096523
88790522
85929699
87169391
86351656
88116015
99246809
99824086
87278896
99564797
86353709
87513088
86443618
81526288
97107980
91567115
96261844
87416891
94144692
88211491
81941351
88999411
90200387
86501176
99965271
99747397
89398437
99851601
99810902
91673852
84113933
89075904
85997791
87129115
86500863
85470222
88588160
88910782
87757109
88191669
91313843
87761279
84202217
62920101
88472303
85163686
99559455
91613057
82143348
88098830
81890280
88124116
88996396
88392625
91370037
87624748
81470856
86904636
96247614
86682765
85413285
88091319
86736169
96352044
88873234
88200271
85621329
96631962
88059760
87644234
87372481
86557900
86345935
86982631
87510910
81285321
85727262
99182802
99552905
85451368
73890222
91737892
87746794
87485876
99850894
89692392
87923713
85396530
88656365
88193188
85121924
87993647
89676804
89329900
87835745
85570075
99096800
87500102
88930594
87663619
87108427
88809964
88936116
92962490
86299548
84065278
88411425
88780255
88527361
85001678
81551229
87788879
86783494
86132085
87018463
99941032
92612685
88143679
99983439
86971541
88910682
86826689
86890345
92643247
60810035
84242712
10081409
87158731
88714740
86041512
99847428
93735781
96119771
89363391
88592303
85592473
89536039
99556688
88654120
87848914
85189090
81849665
86099441
86748061
99810000
86798131
88882373
87182767
86554042
88297771
85293158
99976293
91891842
91794706
92675525
87618404
86829320
81276851
96267938
87811933
99921493
87838395
87086155
88441870
88261893
99871691
97734478
96720272
88413661
81732458
87737456
91454709
86962524
94379665
88860510
86321103
89262202
85496766
88760606
87806046
85635022
87678660
88501035
84250940
99873266
87580506
86362286
99873430
86384100
88271560
99943930
84891234
80448057
88593446
82132653
99894981
86543634
87859467
85508936
87372498
96115206
99812219
92792539
99790020
88124846
91893838
86620045
88666871
87573740
92038564
86392634
86133331
87347860
92710505
88988576
87144900
86997169
89733652
87850270
87729997
88248683
99822134
97893348
91017885
92137864
86200905
85712441
88059868
89952504
97561508
96506000
99953688
86053309
99840215
88798439
82190010
84359040
85844133
85294082
89350047
86019532
88806308
81236479
72757653
63974110
85660177
86013952
99734675
85941574
99955675
87002504
96093385
92658101
84111876
95383368
91368874
00000000
88739858
87402679
88713599
92778537
88656030
87152210
86137366
88082930
85076366
99249214
86842668
88983241
84329089
86210097
84240783
85187443
99840064
88120609
87074438
99987390
81570092
88117975
81342367
87229502
82574027
85018293
87326005
92926300
99575121
99638245
88338040
85781834
84341086
86782408
87092714
85137668
99138032
86512414
85503132
87825708
87792693
88357735
85477868
85276150
96281033
86061885
88214146
99964052
99821781
86563929
99731322
92216973
87674737
88973364
86993016
92273393
88293739
99881624
86965415
87397311
85087481
87469639
99447129
88673598
88071366
87619701
91193149
87735514
86370667
99876347
86425366
86497528
87830929
88203858
88478600
81022405
96570596
99887510
91600827
89655801
88943708
88356670
84211337
83483722
89223807
88159781
99921967
85213698
89176487
88296130
86602308
87040333
85280603
81553061
99019038
86367591
87081273
99061397
86593533
87914519
86263729
91126052
91120932
88928477
85933613
91935653
86615746
85237369
88211210
81277779
88124879
85233595
96778080
99999692
85041587
87771711
85157208
86564441
96191739
86209269
88842025
88152994
88516862
99927315
35461669
87130483
85535869
85402562
87581161
88954816
87682424
86963665
81278961
94325637
88615721
88569571
85102972
96250625
84005472
87373266
88764079
84050063
88224718
88039529
86470960
87024893
99820641
88261559
87406458
87992668
91371631
99960768
99849502
85496804
85512972
91312558
85623145
81606210
88887372
96771282
87936203
89545484
85242757
91258152
87129717
86843219
98422795
92126959
99694878
87877271
86015293
85703017
85468896
88496390
88016174
91280816
92484466
87607775
87515465
99853605
87434780
84168626
91269100
86582832
85880953
92378599
91210568
85307462
88044550
81564925
88912656
88994656
86619900
85562819
87065764
92115899
68822788
88356984
86041262
99867314
85900387
88162915
91821815
86111649
89667010
87003020
86583025
96729860
92395242
82026518
98133556
84194992
88045890
81190515
85858133
96029043
80501480
99245335
87893171
86801486
10101766
86109243
88254020
86359401
96268674
88053865
98593949
87142742
81897351
88444151
92826588
87250521
88332406
86243362
87418469
99941258
99713024
61902135
89207586
86339361
99304079
85939581
89619213
87403663
87630714
85418571
89945045
85565450
87535343
85075527
86585766
34843820
86921975
99961833
89910652
88737883
86107898
99372932
88250996
86131196
88383476
88188792
81481375
88980221
99979919
85510633
99986328
88618111
86691946
86290425
86408835
80189992
87736485
89511586
86583593
99122242
84237545
87861503
96369863
88215620
89745905
88973232
91314060
86831100
85005114
86739971
85143532
86635813
86634374
82809300
85214399
94303551
88226948
91712455
88434028
87932297
98310808
87181745
86310201
97263632
87293191
86356020
10018814
85060458
30990243
87879702
85098061
87625952
89742446
99837465
87466421
94017438
87304668
91292911
86969267
87293747
87578845
99615297
86347530
91640240
81619525
99851915
87720957
85379587
87401788
85019858
88061372
84157634
87866770
88724104
70943404
99736606
99364006
89648545
87969291
99630045
86870111
99899334
89136711
82482269
86435844
87763426
87777092
61400537
69696532
87665279
88742810
88982623
86950557
84072372
88013240
86442836
88444002
86551913
81207833
87192244
86222316
91568466
96113584
87598509
92517949
85307224
88007928
88094732
88591364
99097854
85622617
81602893
96191628
85552194
88051889
99378232
85432941
99581400
96402137
79725463
87817777
88567388
86924770
85206865
87708358
85450179
94126398
91611338
88228915
98363736
88211579
80909090
96013408
87824523
99445232
99839202
87050222
88987663
88331654
92491139
99869617
96036177
81190291
81390910
88744927
88769333
89207523
84171543
96948460
88374793
87057765
99303020
85465823
81481412
89700024
86541944
88392763
99743236
92642776
88512775
84467765
87079822
86547017
88238321
99531011
85012686
91467406
86072046
99450948
96571354
89314304
84011127
88159525
84046659
88033507
99872042
87167752
85769497
87137529
99646343
99199333
88919751
86703141
89068551
81159549
86097014
85237303
99829869
96224773
81138263
99961188
99986651
89900319
94180026
88411488
88052152
86518894
97568784
10100172
87592299
85837166
86393351
99587903
85738211
86744058
89426894
91374115
89577399
88212910
88804948
76793101
85606446
89032685
85802605
85139126
86364090
99979236
85045435
97138290
86920278
88778593
87572516
99921791
82248145
88194358
93181631
86599964
86411310
87811996
87105467
87737519
87356964
88464754
86283829
81532208
89200041
86972726
87400755
88899791
91154600
85382963
88923853
84446902
86581905
86989340
96177044
85167296
81626420
97973744
86592961
87654590
94017070
81841839
88877473
85495469
88527424
89262345
85532795
88576012
71426964
87147908
85355191
84030740
99926993
96253423
87076964
87505097
81416861
62074668
88832920
86847556
88717825
88278779
91017217
87574759
99791132
85853049
96321238
96865559
86444139
88213830
85744702
99841458
86313114
85928332
81538056
87441705
89469677
86023103
85975651
85055632
87801910
85883098
87229565
96258937
88902008
87527080
88815911
87174643
87943324
96399539
88048624
89717894
91176614
96123992
96529745
89458608
91128989
85249150
91760144
86160241
99540416
87144256
91019293
88065670
88261327
99738726
85836874
89298855
89142643
87822754
99990632
88016160
88615206
99555052
87210833
86714653
99697175
88390963
87684199
85659329
86527219
96439316
88056399
88239806
85388129
88844916
87777602
84044397
92529238
88410743
88906001
89310987
87513293
88395689
86011449
96247004
89405172
89194046
86150626
96458234
88758984
91611793
88498993
87907616
84051245
87498765
91183788
85359010
89910469
99887530
85640915
87787995
88812824
87106048
86812831
91764783
85129528
88823589
87000452
99920581
91718603
86813088
99501321
87189203
87675327
88510818
86457095
86064811
86781678
85192895
89339029
85451101
87631400
85423907
86530239
85432102
86019595
92737902
81064918
91010464
99879868
97495862
85539399
99260421
90519300
85598190
86249505
84071865
85104101
86988514
96033315
88341456
96579036
86297751
87796399
86985172
87168273
87275220
89275009
91193277
88258077
87378793
85214103
10109112
87403793
88700358
99718559
84031915
87741659
84152849
96846145
88801516
84225998
92078978
85424368
89767844
91022102
88581070
81174451
85919487
86599438
87140892
64378030
87864502
81462621
96740768
97345811
88059534
88957258
88798415
99758616
87729780
88005711
85969508
88616635
10091758
89273379
86220532
88917981
81469536
86334105
91115896
89118105
85111506
85081512
87391870
88727454
87509683
88550253
84172988
99846265
88258611
84038009
86432147
85546069
88276876
84227216
91177076
86315526
86158822
88797695
88157870
85485003
97668378
86934866
87778024
88210250
50231301
86969386
85521000
85376347
91831702
73658373
88559196
86223587
88679818
88060422
99903328
86205629
85201476
88914461
81301139
86594940
86972624
67688758
88422369
70192090
85691038
91288080
99958840
85522733
85004502
92235676
82148354
99037073
99914992
88168531
89749130
85112070
91779597
86534713
99438116
99916168
88253996
88130875
97884832
86968766
85199791
86969903
85364442
99458196
87811353
87785826
92139405
96370208
85420539
96336855
91295406
87093068
88732311
81533393
91068842
98074512
87176356
86011975
85459693
86379924
88641343
84191826
86937781
86617355
84107658
99849164
91060336
86310002
88760454
85917870
91210606
86320456
87973465
88080887
87488857
88059726
92061232
88491579
68012491
89389465
99873258
88877313
86389796
87895102
88299266
89359307
88852950
99823585
87152129
96021509
92321856
84325803
88322549
91111455
69482527
89485559
89346159
84210047
87541336
86739440
81800703
88361750
86067816
89301174
88943958
88912513
87080228
94183672
82026581
87410197
88893863
89180968
84026327
98488666
88930993
97581179
87147542
86182229
88322729
80586947
73888920
88400774
84172831
86109144
89284771
99867082
99980812
86865449
99270244
85387205
99889632
87807851
89074298
99958109
51655551
87861125
10101597
99924398
85992777
82160268
89901978
96660940
99558087
81425007
86898737
87342244
99908389
87113846
89294462
86061615
87211425
89618246
85701599
86841541
84184664
91998922
89347505
88554626
91038984
86162251
86049725
87569678
89467595
88004996
99864495
87034040
85394068
88110308
87782235
88598175
89684901
81290991
87970319
89630565
86962201
88235066
87821868
84166701
86603517
99961179
88673831
88067144
84303004
10089170
86214263
99815832
87491061
89683703
86808147
87934459
88437314
91557156
82178580
87330198
88790585
86370401
87506548
86533979
87683443
88036047
32471917
91780850
81814154
99570554
92530450
88320205
86223317
87784047
86108133
81952417
88029199
89055637
85966888
88595496
87814018
88950707
87665865
86135167
91178663
89085316
88584767
99153911
91171995
88741953
86408731
89600013
89555056
84489184
91717840
89592334
99971776
88416858
81203429
88229643
99313572
91057224
93064816
81946317
10036402
86457497
92423577
86594879
89727690
86557226
81821270
84917974
92321595
96309075
88372343
89648547
99532610
87395777
86964486
86127032
92840482
96045354
92352903
88012572
86834852
86352452
88438870
87046375
87052769
87818923
91120762
97450894
97529772
87509352
99943367
87366697
87589243
94298876
86061631
99963485
86073719
87420593
85607053
87342261
99928205
87763297
87911852
96668227
99819677
91582923
99533734
98101316
85060705
99488498
88817527
96737979
88604652
93130848
86589302
87407081
87512138
86827591
87178702
96175259
88409164
99783031
89547665
87654237
85163488
86825311
86452421
98535721
72191599
87288513
88479595
92491213
89035449
87251023
86460600
85170013
88241871
96568985
91527480
81470737
88783776
88836557
86678362
92060806
87760111
86315263
85176509
96086375
87643614
88988856
97323131
85706852
65111870
81630591
88412117
96900970
99618097
88001275
99833797
88942647
86437839
87325942
86927127
88374912
99483062
87269969
86335323
88426771
99831401
81392459
99635968
85600523
98286783
87078756
88943761
88564356
91065168
99978578
91911021
94445536
99903771
99896153
86967264
88292822
87839607
84060723
97123628
91023291
87296550
99300044
91656173
85712869
81225359
84226832
96322208
85075574
88252703
85728799
92092192
99955355
88941232
99813837
98031575
87592400
85934767
88446571
86552497
87607241
91573540
88185725
87312669
87997278
87108490
84050692
91375301
86704374
88941101
84007182
85129465
85417446
94405856
88115084
87926749
88588021
88774187
88764142
89731699
89200104
84243748
87083017
99869823
85202007
81529923
87447449
64579447
88800928
84189291
88420921
87537950
87821149
89573012
85112305
87636340
89723558
86770454
86505682
88218928
87974320
86963685
84966217
86348994
89595818
88046556
87824171
85357932
84114791
87491380
99396802
86175913
88006632
99983630
87371952
88394736
87603947
88486265
88329802
86052097
88635671
91116168
85829245
86358783
86862729
86526331
91729632
99846267
87211260
87637790
91120800
97565687
88991591
88520706
86490990
89710278
84650480
86045236
92164886
81175522
85870383
85550631
87948363
84171734
87442083
96252060
89416551
87768447
88043490
64508350
88983074
81269009
85310816
85806560
51654440
86065118
88925812
87799477
87839952
87848456
87554929
99963548
86991397
96118943
92139545
81538704
82114736
87983726
87935964
84224113
86495034
81148291
99889061
86373653
99863721
86485373
85466717
86902793
88909259
81725698
87837906
88409967
87308723
89740672
97072814
86831007
95515566
85604082
99698963
10131820
86633740
85927832
82768452
87751360
87097720
86913848
81301230
88066100
87582393
81687825
91233242
85095252
90545640
85611299
99888197
88372829
99560857
85099202
89590326
97181198
88596008
87200520
88068385
86626610
87604699
97993947
89767980
91119439
81069172
85305258
86167230
88270582
49424580
67755845
74015135
91694345
96638267
81730642
69523093
88752896
99441959
99452428
96848959
88574023
84416043
86330267
86345348
96150563
99646343
88996671
81022591
81057812
81264938
81337146
81496284
81809931
81857589
84148208
84158642
84159410
84162446
85000607
85041339
85111960
85187443
85214675
85233164
85233804
85392318
85428884
85462353
85485878
85610998
85654436
85671354
85680233
85754544
85772525
85888503
85904226
85967646
85992572
86013195
86068122
86071618
86094604
86132648
86138579
86220532
86222379
86326766
86360217
86388170
86510457
86540078
86660133
86714662
86768836
86777278
86846460
86898360
86903155
86972175
87057340
87080237
87083042
87085830
87099845
87135573
87166313
87191414
87236686
87254445
87327973
87331355
87369588
87388783
87392164
87441404
87470176
87503116
87549494
87630583
87696494
87717508
87732569
87738525
87763111
87788154
87805702
87823095
87848578
87856080
87895012
87931720
87966987
87997752
87998824
88042547
88045064
88056462
88098063
88179336
88181597
88200108
88203772
88250566
88260146
88270009
88298504
88341412
88406591
88428730
88434297
88436593
88461510
88516992
88558759
88607697
88636063
88705617
88706731
88729679
91011299
88785420
88794900
88841218
88948551
88983182
89075714
89078940
89118031
89176332
89297952
89357700
89396830
89404099
89407240
89484005
89484445
89572204
89669186
89737094
89761939
91044209
91094625
91111321
91113667
91116367
91163663
91196180
91243344
91267610
91312922
91351695
91373420
91516194
91557011
91565463
91596852
91613777
91710845
91728142
91803704
91816736
91816755
91822532
91935653
92009484
92014055
92125706
92206146
92242284
92433504
92832391
96138613
96154780
96266300
96339908
96443776
96464075
96591151
96705252
96793077
97070131
97114647
97196234
97375369
97821510
97842161
99001561
99018010
99097330
99120550
99244288
99245553
99356865
99380386
99533500
99541441
99559380
99690790
99783031
99810111
99811908
99811933
99812146
99814186
99815832
99820855
99820903
99836047
99837465
99846265
99847428
99848660
99850549
99854091
99857569
99867314
99871000
99873689
99893968
99899371
99910700
99920585
99925540
99925770
99926930
99929888
99955355
99960831
99968848
99977753
99978307
99987517
99987572
88373848
95359802
99084850
81210019
88356801
88427069
92216973
92439011
92573220
96382440
97536555
99643289
99659549
99847842
99868988
81356234
88581070
89162459